29.06367626098403
42.77383737710885
18.091887775083933
26.00580851301579
27.373385841524737
22.950838262579364
47.85003022494251
16.75963522818282
25.391047068576892
41.621203024474184
38.900829007904846
14.965562131729882
47.35966664937554
34.6930055816334
21.34083393290269
24.625973137349234
36.55015550385545
28.61793131915871
47.03503184700058
22.547129989077735
10.354255998374677
40.52960355378197
15.75798738892007
41.98802541051023
21.99447227641024
12.71895402779139
49.55661770604053
26.943287240700332
21.95282854310205
17.761331235258112
34.002798218501866
47.84746733126361
27.415554160228197
46.11786972785617
13.324341005546945
23.120903887553567
39.47614755169381
49.79141807347378
10.9731646951434
30.860109966679794
15.534548830877451
43.62518709231083
28.009830889595854
21.108498174931487
28.2754866585608
40.090046809711126
48.75388489987637
11.526037728040004
42.804356199727316
13.91424071187037
16.469792068115883
27.909261045927728
39.96432932482341
39.667083736782445
11.428556219500905
15.895850033803791
26.553672610564945
18.416038099956552
29.505409962862505
21.320833577401142
42.107587943537894
48.8343505932619
21.54430566771293
34.07427119598432
37.10419388483666
23.64427640874803
12.040217405085665
13.943061062971594
18.8995846758003
44.038699943040534
10.260600603046823
46.80237313058899
19.39219791843417
22.731791971681012
17.74766240052677
35.654991664020585
32.362062478869966
30.547148289363765
43.21339135470416
13.399660410165598
18.62578371032339
11.959677922579303
19.159640468250792
32.842365048917856
23.59345678949312
11.76529688361792
34.125837416351125
44.347266133413854
34.50899676465603
18.060331516647715
30.28722659860124
12.65683182133535
23.600692449266532
15.97031384953457
28.196863056514214
31.793519156761526
38.564105527709465
22.0756827947849
28.784868846667454
10.588169721472148